
OFF:
Received JVC: data=0xC3E1
Received LG: data=0xC3E10700, nbits=32
Received Pronto: data=
0000 006D 006A 0000 015B 00AE 0015 0042 0015 0042 0015 0016 0015 0016 0015 0016 0015 0016 0015 0042 0015 0042 0015 0042 0015 0042 0015 0042 0015 0016 0015 0016 0015 0016 0015 0016 0015 0042 0015 0016 0015 0016 0015 0016 0015 0016 0015 0016 0015 0042 0015 0042 0015 0042 0015 0016 0015 0016 0015 0016 0015 0016 0015 0016 0015 0016 0015 0016 0015 0016 0015 0016 0015 0016 0015 0016 0015 0016 0015 0016 0015 0042 0015 0016 0015 0042 0015 0016 0015 0016 0015 0016 0015 0016 0015 0016 0015 0016 0015 0016 0015 0016 0015 0016 0015 0016 0015 0016 0015 0016 0015 0016 0015 0016 0015 0042 0015 0016 0015 0016 0015 0016 0015 0016 0015 0016 0015 0016 0015 0016 0015 0016 0015 0016 0015 0016 0015 0016 0015 0016 0015 0016 0015 0016 0015 0016 0015 0016 0015 0016 0015 0016 0015 0016 0015 0016 0015 0016 0015 0016 0015 0016 0015 0016 0015 0016 0015 0016 0015 0016 0015 0016 0015 0016 0015 0016 0015 0016 0015 0016 0015 0016 0015 0042 0015 0016 0015 0042 0015 0016 0015 0016 0015 0016 0015 0016 0015 0016 0015 0042 0015 0042 0015 0042 0015 0042 0015 0016 0015 0016 0015 0016 0015 0016 0015 0181 
Received Drayton: address=0xFFFF (0xfffe), channel=0x01f command=0x07F








ON:
Received JVC: data=0xC3E1
Received LG: data=0xC3E10700, nbits=32
Received Pronto: data=
0000 006D 006A 0000 015D 00AB 0016 0041 0016 0041 0016 0015 0016 0015 0016 0015 0016 0015 0016 0041 0016 0041 0016 0041 0016 0041 0016 0041 0016 0015 0016 0015 0016 0015 0016 0015 0016 0041 0016 0015 0016 0015 0017 0014 0016 0015 0016 0015 0016 0041 0016 0041 0016 0041 0016 0015 0016 0015 0016 0015 0016 0015 0017 0014 0016 0015 0016 0015 0016 0015 0016 0015 0016 0015 0016 0015 0016 0015 0016 0015 0016 0041 0016 0015 0017 0040 0016 0015 0016 0015 0017 0014 0016 0015 0017 0014 0017 0014 0016 0015 0016 0015 0016 0015 0016 0015 0016 0015 0017 0014 0016 0015 0017 0014 0017 0040 0016 0015 0017 0014 0016 0015 0016 0015 0016 0015 0016 0015 0017 0014 0016 0015 0017 0014 0017 0014 0016 0015 0017 0014 0016 0015 0017 0014 0016 0015 0017 0014 0017 0014 0017 0014 0016 0015 0017 0014 0017 0014 0017 0014 0016 0041 0016 0015 0016 0015 0016 0015 0016 0015 0017 0014 0016 0015 0017 0014 0016 0015 0016 0015 0016 0015 0016 0041 0016 0015 0016 0041 0016 0015 0016 0015 0016 0015 0016 0015 0017 0014 0016 0041 0016 0041 0016 0041 0016 0041 0017 0014 0017 0040 0017 0014 0017 0014 0017 0181 